6.774016114373887376e+01
9.035546943583941015e+01
7.389082341631240070e+01
7.523970654169394834e+01
7.590690588655172633e+01
6.645148893597799145e+01
6.568359532001494472e+01
6.577518238756873359e+01
6.538268591417624975e+01
6.451751288045960564e+01
6.518400246042287449e+01
6.442107888213988076e+01
6.404626009149443178e+01
6.401103794902059008e+01
6.383858945837058485e+01
6.366134865174925750e+01
6.635967650506603377e+01
6.580060281349609852e+01
6.603160456136592416e+01
6.566405518148684450e+01
6.591073563981879602e+01
6.649178589811465656e+01
6.680420615455824418e+01
6.658896101647219723e+01
6.818034348800594557e+01
6.677299563383387238e+01
6.655964237361139624e+01
6.693625600019461785e+01
6.687473355320906876e+01
6.678737906330252372e+01
