1.733333025589188381e+01
2.105835885703237054e+01
9.003745054016258464e+00
7.896881608893721705e+00
7.426836912119568979e+00
3.114978567717154867e+00
2.642073302780546307e+00
2.652464485772587643e+00
2.624985923727868986e+00
2.548271441256378278e+00
2.478317851095077184e+00
2.171457402217213062e+00
2.170703794203696191e+00
1.995437444337649024e+00
2.089353686349328942e+00
1.678843939708233091e+00
1.424465861268576772e+00
2.047892598316274793e+00
1.758498423166719116e+00
1.554558489670209598e+00
1.367129507774732078e+00
1.588628458054397230e+00
1.325030689388103200e+00
1.387241753987117354e+00
1.627530321792969747e+00
1.508118719564142785e+00
1.477256602671198848e+00
1.314520287578942126e+00
1.165700423552788800e+00
1.029841571480761608e+00
